x ,	 y,	 Radius,	 Threshold 
217 , 320 , 37 , 0.67
100 , 290 , 33 , 0.62
100 , 289 , 21 , 0.62
218 , 320 , 37 , 0.6
280 , 146 , 32 , 0.59
284 , 303 , 50 , 0.59
174 , 176 , 51 , 0.58
217 , 322 , 35 , 0.57
204 , 322 , 13 , 0.56
99 , 290 , 32 , 0.55
173 , 176 , 51 , 0.54
217 , 321 , 36 , 0.54
218 , 322 , 35 , 0.54
280 , 147 , 31 , 0.53
285 , 303 , 50 , 0.53
200 , 322 , 13 , 0.53
201 , 321 , 12 , 0.52
203 , 322 , 13 , 0.52
397 , 93 , 50 , 0.51
98 , 290 , 32 , 0.51
100 , 290 , 21 , 0.51
205 , 320 , 15 , 0.51
202 , 321 , 12 , 0.51
174 , 175 , 52 , 0.5
281 , 301 , 47 , 0.5
219 , 321 , 36 , 0.5
218 , 319 , 38 , 0.5
279 , 147 , 32 , 0.49
172 , 175 , 50 , 0.49
217 , 319 , 37 , 0.49
100 , 288 , 22 , 0.49
202 , 320 , 13 , 0.49
204 , 321 , 14 , 0.49
210 , 311 , 26 , 0.48
211 , 312 , 25 , 0.48
196 , 303 , 10 , 0.48
411 , 361 , 13 , 0.48
398 , 92 , 51 , 0.47
398 , 93 , 51 , 0.47
99 , 289 , 20 , 0.47
99 , 290 , 20 , 0.47
216 , 320 , 36 , 0.47
218 , 321 , 36 , 0.47
205 , 309 , 21 , 0.47
250 , 310 , 10 , 0.47
202 , 323 , 14 , 0.47
199 , 322 , 12 , 0.47
410 , 360 , 12 , 0.47
394 , 91 , 47 , 0.46
398 , 92 , 48 , 0.46
280 , 147 , 32 , 0.46
281 , 145 , 19 , 0.46
283 , 302 , 49 , 0.46
282 , 302 , 48 , 0.46
210 , 310 , 25 , 0.46
196 , 302 , 10 , 0.46
197 , 302 , 10 , 0.46
204 , 319 , 14 , 0.46
201 , 323 , 14 , 0.46
411 , 360 , 12 , 0.46
433 , 366 , 12 , 0.46
433 , 367 , 12 , 0.46
396 , 94 , 49 , 0.45
175 , 175 , 52 , 0.45
283 , 304 , 50 , 0.45
285 , 302 , 51 , 0.45
209 , 310 , 25 , 0.45
215 , 320 , 35 , 0.45
216 , 321 , 36 , 0.45
208 , 310 , 24 , 0.45
207 , 310 , 23 , 0.45
201 , 319 , 14 , 0.45
203 , 321 , 14 , 0.45
101 , 289 , 21 , 0.44
218 , 321 , 38 , 0.44
214 , 317 , 33 , 0.44
211 , 311 , 26 , 0.44
219 , 320 , 35 , 0.44
202 , 297 , 10 , 0.44
209 , 311 , 25 , 0.44
214 , 321 , 34 , 0.44
196 , 307 , 10 , 0.44
202 , 319 , 14 , 0.44
204 , 320 , 15 , 0.44
203 , 321 , 16 , 0.44
206 , 321 , 16 , 0.44
205 , 321 , 15 , 0.44
202 , 325 , 10 , 0.44
434 , 366 , 13 , 0.44
399 , 92 , 48 , 0.43
281 , 146 , 32 , 0.43
171 , 174 , 49 , 0.43
172 , 176 , 51 , 0.43
281 , 146 , 19 , 0.43
101 , 290 , 33 , 0.43
99 , 290 , 33 , 0.43
284 , 302 , 50 , 0.43
101 , 290 , 20 , 0.43
216 , 319 , 36 , 0.43
215 , 319 , 35 , 0.43
211 , 312 , 27 , 0.43
213 , 310 , 24 , 0.43
200 , 301 , 12 , 0.43
204 , 313 , 22 , 0.43
197 , 305 , 12 , 0.43
217 , 323 , 34 , 0.43
203 , 319 , 14 , 0.43
205 , 323 , 14 , 0.43
191 , 324 , 11 , 0.43
205 , 325 , 12 , 0.43
311 , 323 , 10 , 0.43
282 , 338 , 10 , 0.43
435 , 365 , 12 , 0.43
420 , 371 , 11 , 0.43
100 , 289 , 32 , 0.42
284 , 301 , 50 , 0.42
220 , 319 , 36 , 0.42
208 , 309 , 24 , 0.42
212 , 318 , 32 , 0.42
214 , 320 , 34 , 0.42
216 , 319 , 33 , 0.42
208 , 311 , 22 , 0.42
209 , 312 , 23 , 0.42
202 , 301 , 10 , 0.42
244 , 299 , 10 , 0.42
203 , 320 , 15 , 0.42
205 , 321 , 16 , 0.42
206 , 321 , 15 , 0.42
408 , 342 , 37 , 0.42
200 , 321 , 12 , 0.42
206 , 323 , 14 , 0.42
194 , 321 , 11 , 0.42
199 , 320 , 10 , 0.42
202 , 324 , 11 , 0.42
233 , 326 , 10 , 0.42
274 , 339 , 11 , 0.42
409 , 358 , 10 , 0.42
433 , 365 , 13 , 0.42
434 , 365 , 12 , 0.42
419 , 371 , 11 , 0.42
421 , 371 , 10 , 0.42
258 , 52 , 40 , 0.41
395 , 94 , 48 , 0.41
101 , 291 , 34 , 0.41
99 , 289 , 33 , 0.41
98 , 291 , 31 , 0.41
245 , 289 , 10 , 0.41
211 , 310 , 26 , 0.41
212 , 309 , 25 , 0.41
212 , 310 , 26 , 0.41
212 , 311 , 26 , 0.41
213 , 317 , 32 , 0.41
213 , 312 , 26 , 0.41
215 , 321 , 35 , 0.41
203 , 299 , 12 , 0.41
204 , 299 , 12 , 0.41
198 , 301 , 11 , 0.41
199 , 302 , 12 , 0.41
198 , 303 , 12 , 0.41
202 , 312 , 20 , 0.41
204 , 312 , 19 , 0.41
248 , 318 , 14 , 0.41
204 , 321 , 16 , 0.41
408 , 343 , 38 , 0.41
409 , 344 , 39 , 0.41
246 , 319 , 12 , 0.41
200 , 321 , 11 , 0.41
202 , 322 , 12 , 0.41
197 , 321 , 11 , 0.41
203 , 323 , 12 , 0.41
203 , 324 , 11 , 0.41
312 , 327 , 14 , 0.41
205 , 326 , 11 , 0.41
274 , 338 , 12 , 0.41
271 , 339 , 12 , 0.41
273 , 339 , 11 , 0.41
273 , 340 , 12 , 0.41
199 , 340 , 10 , 0.41
203 , 343 , 10 , 0.41
408 , 358 , 10 , 0.41
409 , 360 , 12 , 0.41
411 , 363 , 15 , 0.41
399 , 93 , 52 , 0.4
397 , 91 , 49 , 0.4
395 , 91 , 48 , 0.4
396 , 92 , 49 , 0.4
396 , 93 , 49 , 0.4
278 , 144 , 29 , 0.4
280 , 145 , 19 , 0.4
285 , 302 , 49 , 0.4
283 , 303 , 50 , 0.4
99 , 291 , 32 , 0.4
286 , 301 , 52 , 0.4
221 , 319 , 37 , 0.4
218 , 319 , 37 , 0.4
209 , 308 , 23 , 0.4
209 , 309 , 24 , 0.4
220 , 320 , 36 , 0.4
210 , 309 , 24 , 0.4
212 , 312 , 26 , 0.4
217 , 318 , 33 , 0.4
209 , 310 , 24 , 0.4
219 , 322 , 35 , 0.4
204 , 306 , 18 , 0.4
203 , 301 , 11 , 0.4
197 , 302 , 11 , 0.4
198 , 304 , 12 , 0.4
207 , 313 , 22 , 0.4
199 , 304 , 11 , 0.4
251 , 311 , 11 , 0.4
284 , 304 , 49 , 0.4
247 , 317 , 13 , 0.4
206 , 320 , 16 , 0.4
203 , 319 , 13 , 0.4
249 , 320 , 13 , 0.4
410 , 343 , 39 , 0.4
203 , 320 , 13 , 0.4
204 , 322 , 15 , 0.4
307 , 312 , 10 , 0.4
202 , 322 , 13 , 0.4
201 , 322 , 13 , 0.4
203 , 323 , 14 , 0.4
201 , 328 , 19 , 0.4
194 , 322 , 11 , 0.4
198 , 327 , 17 , 0.4
302 , 321 , 10 , 0.4
199 , 324 , 11 , 0.4
256 , 330 , 11 , 0.4
274 , 337 , 13 , 0.4
273 , 338 , 12 , 0.4
275 , 340 , 12 , 0.4
410 , 358 , 10 , 0.4
410 , 359 , 11 , 0.4
409 , 359 , 11 , 0.4
410 , 361 , 13 , 0.4
406 , 370 , 12 , 0.4
422 , 370 , 10 , 0.4
